[0.6677549481391907, 0.7443812489509583]
[0.040972206741571426, -0.14971502125263214]
[-0.16912458837032318, -0.002037709578871727]
[0.8342598676681519, 0.2503352761268616]
[0.15689313411712646, 0.9876156449317932]
[0.8535987138748169, 0.5209311246871948]
[-0.04996131360530853, 0.7833672165870667]
[-0.04352092742919922, -0.5144525766372681]
[-0.8482057452201843, -0.5296670198440552]
[-0.08973333239555359, -0.0010175872594118118]
[0.48924776911735535, 0.8721448183059692]
[-0.21676191687583923, 0.24890252947807312]
[-0.9320837259292603, -0.3622429668903351]
[-0.4559185802936554, 0.8900214433670044]
[-0.8763816952705383, 0.48161712288856506]
[-0.08804218471050262, 0.9961167573928833]
[0.13665980100631714, -0.041103653609752655]
[-0.3212999701499939, 0.4779016375541687]
[0.863344132900238, -0.5046157240867615]
[0.9760333895683289, 0.21762053668498993]
[0.6063673496246338, 0.1519773155450821]
[0.8103880882263184, -0.5858935117721558]
[-0.5696036219596863, 0.8219195604324341]
[0.6573084592819214, -0.2790980637073517]
[0.8276998400688171, 0.5611711740493774]
[0.11288319528102875, 0.15847131609916687]
[-0.7185758948326111, -0.37741100788116455]
[0.7946750521659851, -0.6070350408554077]
[0.6703892946243286, -0.5166530013084412]
[0.6541326642036438, -0.7563798427581787]
[0.4159359931945801, 0.6099267601966858]
[0.5046052932739258, 0.8633501529693604]
[0.3244936168193817, 0.9458879232406616]
[0.568589448928833, -0.8226213455200195]
[-0.7071067690849304, -0.7071067690849304]
[-0.8529859781265259, -0.5219337344169617]
[0.5080930590629578, -0.8613021969795227]
[0.7071067690849304, -0.7071067690849304]
[0.4788219630718231, 0.8716802597045898]
[0.6975517272949219, -0.7165343761444092]
[0.9881643056869507, -0.15339882671833038]
[0.8403169512748718, 0.542095422744751]
[-0.7071067690849304, -0.7071067690849304]
[-0.9693943858146667, -0.24550861120224]
[0.9288106560707092, -0.3705548346042633]
[0.999165415763855, 0.04084659740328789]
[0.7071067690849304, -0.7071067690849304]
[0.7788314819335938, -0.6272332072257996]
[-0.8286274075508118, 0.5598005056381226]
[-0.13842016458511353, -0.3675914704799652]
[-0.4612850844860077, -0.5740677118301392]
[-0.6978950500488281, -0.7161999940872192]
[-0.07858356833457947, 0.3506501615047455]
[0.44354403018951416, -0.6298781037330627]
[-0.7071067690849304, 0.7071067690849304]
[-0.13294342160224915, 0.9911236763000488]
[-0.7482542395591736, -0.20542791485786438]
[0.7071067690849304, 0.7071067690849304]
[-0.6129348278045654, 0.317088782787323]
[0.8693138957023621, 0.4942604899406433]
[-0.8978742361068726, -0.44025224447250366]
[-0.29776886105537415, 0.9546379446983337]
[-0.2458713948726654, 0.7035638093948364]
[-0.7297520041465759, 0.6837120056152344]
[-0.8863738179206848, 0.4629702568054199]
[-0.323911190032959, 0.32676178216934204]
[0.9951145648956299, 0.0987263023853302]
[0.871276319026947, 0.3454532027244568]
[0.20893171429634094, 0.9779301881790161]
[-0.24762344360351562, -0.6449218988418579]
[0.9900590777397156, 0.14065192639827728]
[0.5789129137992859, -0.05861414968967438]
[-0.9064228534698486, -0.26139065623283386]
[-0.7381707429885864, -0.4129733443260193]
[-0.9862897992134094, 0.16502226889133453]
[0.9593771696090698, -0.28212666511535645]
[-0.30726754665374756, -0.9516230821609497]
[-0.4046710133552551, 0.9144623279571533]
[0.5754163265228271, -0.16349026560783386]
[0.7135414481163025, -0.6671642661094666]
[0.08166618645191193, 0.9966597557067871]
[0.732330322265625, 0.3639097213745117]
[0.9043095707893372, 0.4268772304058075]
[-0.8276606202125549, -0.5612288117408752]
[-0.7688706517219543, 0.31894147396087646]
[0.5046541094779968, 0.8633216619491577]
[0.9939085245132446, -0.110208660364151]
[0.8036680817604065, 0.5950778126716614]
[-0.4647226929664612, -0.45700758695602417]
[-0.7785844802856445, 0.3396872878074646]
[0.9936736822128296, -0.1123066172003746]
[-0.4326015114784241, -0.9015852212905884]
[0.6186361908912659, -0.16128620505332947]
[-0.1591923087835312, 0.9872475862503052]
[-0.8327393531799316, -0.5536652207374573]
[0.93354731798172, 0.3584540784358978]
[-0.13472622632980347, -0.9908828139305115]
[0.21452303230762482, -0.3165549635887146]
[0.9999840259552002, 0.005663103424012661]
[-0.6065210700035095, 0.7950674295425415]
[-0.7071067690849304, -0.7071067690849304]
[0.9760313630104065, 0.217629536986351]
[-0.6050714254379272, 0.7961711287498474]
[0.2000444084405899, -0.2440362125635147]
[-0.5779171586036682, -0.5791747570037842]
[-0.27311277389526367, 0.74505215883255]
[-0.6838619112968445, 0.7296113967895508]
[0.7071067690849304, -0.7071067690849304]
[-0.6841546297073364, -0.7293369770050049]
[0.687505304813385, 0.7261793613433838]
[0.026933670043945312, 0.7016407251358032]
[0.016451267525553703, 0.9998646974563599]
[-0.6073089241981506, -0.7944658398628235]
[0.686578094959259, 0.7270560264587402]
[-0.7208555936813354, 0.6930853724479675]
[-0.14182905852794647, 0.7593283653259277]
[0.9709657430648804, -0.23921851813793182]
[0.9015485644340515, 0.43267807364463806]
[-0.5626288056373596, -0.8267096281051636]
[0.9994301199913025, -0.03375539183616638]
[-0.7071067690849304, 0.7071067690849304]
[-0.3373703956604004, -0.9413719773292542]
[-0.7071067690849304, -0.7071067690849304]
[-0.7071067690849304, -0.7071067690849304]
[-0.7525153756141663, -0.6585747003555298]
[-0.9239572882652283, -0.3824959099292755]
[-0.4296792447566986, -0.6363629698753357]
[0.6776211857795715, -0.1360582411289215]
[0.7608530521392822, 0.27723175287246704]
[-0.010065356269478798, 0.6114481687545776]
[0.7266235947608948, 0.24382084608078003]
[-0.018141482025384903, -0.3066282868385315]
[0.25759172439575195, -0.9662538170814514]
[-0.7071067690849304, 0.7071067690849304]
[-0.691534698009491, 0.7223432064056396]
[-0.7071067690849304, 0.7071067690849304]
[-0.08432500064373016, 0.9364308714866638]
[-0.681853175163269, 0.7314890623092651]
[-0.29457196593284607, 0.2047460377216339]
[0.7071067690849304, 0.7071067690849304]
[-0.7071067690849304, 0.7071067690849304]
[-0.6320456266403198, -0.7749311327934265]
[-0.6576087474822998, 0.7533596158027649]
[-0.03071228787302971, 0.04200632497668266]
[0.5555346608161926, -0.8314934372901917]
[-0.4283290505409241, 0.9036228060722351]
[0.786078691482544, -0.618126392364502]
[0.556602954864502, 0.12443850934505463]
[-0.34837770462036133, -0.34013378620147705]
[-0.09337624907493591, -0.9956308603286743]
[-0.06294667720794678, 0.9980169534683228]
[0.6801840662956238, 0.24075332283973694]
[-0.9280787706375122, 0.37238407135009766]
[-0.7166765332221985, 0.6974057555198669]
[-0.800685703754425, 0.4718409478664398]
[-0.409661203622818, -0.9122377634048462]
[0.7140271663665771, 0.7001180052757263]
[-0.9223790764808655, 0.3862859308719635]
[-0.8068632483482361, 0.5907382965087891]
[0.2598048150539398, -0.11404199153184891]
[-0.7071067690849304, 0.7071067690849304]
[0.9634881615638733, 0.26775074005126953]
[0.5599961280822754, 0.8284952640533447]
[-0.21427905559539795, 0.9208846688270569]
[0.9962368011474609, 0.08667223900556564]
[0.7326182723045349, 0.3552154302597046]
[0.7071067690849304, 0.7071067690849304]
[0.9747025370597839, 0.22350597381591797]
[-0.8218597769737244, 0.4289036691188812]
[0.7672709822654724, 0.04929213225841522]
[-0.7756714224815369, 0.631136953830719]
[0.992553174495697, 0.12181204557418823]
[0.7734871506690979, -0.6338120102882385]
[-0.7261261343955994, 0.6875613927841187]
[0.21374528110027313, 0.976889431476593]
[-0.6720644235610962, -0.7404927015304565]
[0.013251855038106441, 0.5149304270744324]
[0.08812879770994186, -0.9961090683937073]
[0.8759490251541138, 0.48240381479263306]
[-0.8543523550033569, -0.33379343152046204]
[-0.992160975933075, 0.124966099858284]
[0.0682581216096878, 0.9976676106452942]
[-0.7071067690849304, 0.7071067690849304]
[-0.7071067690849304, 0.7071067690849304]
[0.12267512083053589, 0.9847279787063599]
[-0.4846935570240021, -0.8746840357780457]
[0.5113042593002319, -0.8593997359275818]
[0.1666317582130432, 0.9860192537307739]
[0.7400227189064026, -0.5753268599510193]
[0.7304899096488953, 0.33785971999168396]
[0.43771880865097046, 0.421806663274765]
[0.18049442768096924, 0.16902285814285278]
[-0.9814867377281189, -0.19153037667274475]
[-0.42204031348228455, -0.9065770506858826]
[0.4011085033416748, 0.9160305261611938]
[0.6469205021858215, -0.7581592798233032]
[-0.96246337890625, -0.24446815252304077]
[-0.9224844574928284, 0.38603416085243225]
[-0.37295421957969666, -0.7321043610572815]
[0.6545037627220154, -0.42735397815704346]
[-0.8287193179130554, -0.5596644282341003]
[-0.9448686242103577, 0.32744982838630676]
[-0.20777413249015808, -0.9781768321990967]
[-0.34479156136512756, 0.1306060552597046]
[0.5051629543304443, 0.07524355500936508]
[-0.034376561641693115, -0.8170449137687683]
[0.7071067690849304, 0.7071067690849304]
[0.6741214394569397, 0.7386205196380615]
[-0.2782866656780243, -0.17803721129894257]
[-0.6543681621551514, -0.7561761140823364]
[-0.7881094217300415, -0.6155351996421814]
[-0.44491150975227356, 0.03742459416389465]
[0.9343701601028442, -0.2960074245929718]
[0.043652646243572235, 0.8327738642692566]
[-0.653498649597168, -0.7465933561325073]
[-0.7586591243743896, -0.6514877080917358]
[-0.37007832527160645, 0.5225071310997009]
[-0.9347615242004395, -0.34066662192344666]
[-0.29838716983795166, -0.9544448852539062]
[0.8690561652183533, 0.4947134554386139]
[-0.7071067690849304, -0.7071067690849304]
[-0.05580485239624977, -0.998441755771637]
[-0.9017390608787537, -0.4322807788848877]
[-0.3567446172237396, -0.9342020153999329]
[0.5301304459571838, -0.8479161262512207]
[-0.5239837765693665, -0.8517282605171204]
[-0.36996546387672424, -0.929045557975769]
[-0.8829154372215271, 0.46953195333480835]
[0.5670238137245178, -0.4684949815273285]
[0.8968043923377991, 0.44242724776268005]
[-0.9542317986488342, 0.2990679442882538]
[-0.9726496338844299, -0.2322772741317749]
[0.4725727438926697, -0.8812916278839111]
[0.7071067690849304, 0.7071067690849304]
[-0.9731964468955994, -0.22997534275054932]
[-0.9760966897010803, 0.21733668446540833]
[-0.9963845014572144, 0.08495861291885376]
[0.01664365455508232, 0.13008639216423035]
[-0.7414050102233887, 0.6710577607154846]
[0.7071067690849304, 0.7071067690849304]
[0.11069822311401367, 0.9938540458679199]
[0.0031101442873477936, 0.999995231628418]
[0.8996179103851318, -0.4366779327392578]
[-0.10067559033632278, -0.9399967789649963]
[0.6131077408790588, 0.78999924659729]
[0.9964479207992554, 0.08421057462692261]
[-0.6520944833755493, 0.7581377625465393]
[-0.7071067690849304, -0.7071067690849304]
[-0.9946699738502502, -0.10310914367437363]
[-0.7071067690849304, 0.7071067690849304]
[0.021615568548440933, -0.48482024669647217]
[0.9983691573143005, 0.0570882223546505]
[-0.6127786040306091, 0.6047221422195435]
[0.5059943199157715, -0.8625368475914001]
[0.11901934444904327, 0.3924364149570465]
[-0.3931453824043274, 0.16659653186798096]
[-0.8720383644104004, -0.48943763971328735]
[-0.32861095666885376, -0.09432527422904968]
[0.9257538914680481, -0.37812644243240356]
[-0.3321334421634674, 0.6622381210327148]
[0.9425286650657654, 0.3341253399848938]
[-0.756931722164154, -0.45383936166763306]
[-0.2706649899482727, -0.5919028520584106]
[0.2839016914367676, 0.9588534235954285]
[0.7436763644218445, -0.668539822101593]
[-0.8485336303710938, -0.5291414260864258]
[-0.8394519686698914, -0.4210662841796875]
[-0.3689899146556854, -0.9294334650039673]
[0.48464271426200867, -0.8747121691703796]
[0.5823242664337158, -0.7560938596725464]
[0.8882158398628235, 0.08719110488891602]
[-0.6059199571609497, 0.7955257296562195]
[0.999646782875061, -0.026578430086374283]
[0.7071067690849304, 0.7071067690849304]
[0.9765580296516418, 0.21525438129901886]
[0.6940438151359558, -0.7199328541755676]
[0.12321493029594421, -0.9923800230026245]
[-0.714320719242096, 0.6998184323310852]
[0.46441513299942017, -0.07135765254497528]
[-0.8433604836463928, -0.39462435245513916]
[-0.5540100336074829, -0.33515316247940063]
[0.8863678574562073, -0.04135394096374512]
[0.7071067690849304, -0.7071067690849304]
[-0.5887057781219482, 0.8083473443984985]
[0.6269711256027222, -0.7790424823760986]
[-0.29073861241340637, -0.6053446531295776]
[0.37824857234954834, -0.9257040619850159]
[0.619070827960968, -0.7853351831436157]
[0.8928347229957581, -0.4503844678401947]
[0.700777530670166, -0.7133799195289612]
[-0.36171671748161316, -0.9322881102561951]
[-0.8647305369377136, 0.5022360682487488]
[0.3003358542919159, 0.9538335204124451]
[0.1753559708595276, 0.9845050573348999]
[0.7071067690849304, 0.7071067690849304]
[0.7547407746315002, 0.6560231447219849]
[0.16269251704216003, 0.29018980264663696]
[-0.37549319863319397, -0.7738200426101685]
[0.04382472485303879, 0.8100159764289856]
[0.10388300567865372, 0.9945895671844482]
[-0.756172776222229, -0.004692964255809784]
[-0.85539710521698, -0.5179728269577026]
[0.7066162824630737, -0.707597017288208]
[-0.9399605989456177, 0.3412829637527466]
[-0.9674189686775208, -0.25318098068237305]
[-0.2630186975002289, -0.2162533700466156]
[-0.026386577636003494, 0.9996517896652222]
[0.25025495886802673, 0.18578332662582397]
[-0.4008598029613495, 0.09222103655338287]
[-0.22442536056041718, 0.9744912981987]
[-0.7635840177536011, -0.645708441734314]
[-0.7071067690849304, 0.7071067690849304]
[0.49967339634895325, 0.8662139177322388]
[0.0225092563778162, 0.9997466206550598]
[0.30262333154678345, 0.6650943756103516]
[0.8136858940124512, 0.5813047289848328]
[0.5537202954292297, 0.8327028155326843]
[0.11591465771198273, -0.9391112923622131]
[0.562169075012207, 0.10236787796020508]
[0.9999173879623413, -0.01285478100180626]
[0.579515814781189, -0.3153992295265198]
[0.3071606159210205, -0.7715467810630798]
[-0.49229568243026733, -0.7187954187393188]
[-0.6476349234580994, 0.7619508504867554]
[-0.413627564907074, 0.9104461669921875]
[0.14876939356327057, -0.21061383187770844]
[-0.8926320672035217, 0.4507860541343689]
[0.592780590057373, 0.8053640127182007]
[-0.19462943077087402, -0.9808768630027771]
[0.2659565508365631, 0.5460914373397827]
[0.6652395129203796, 0.7466300129890442]
[-0.5610277652740479, -0.6710231304168701]
[0.43229055404663086, -0.9017344117164612]
[-0.7865093350410461, 0.6175784468650818]
[-0.5208269357681274, 0.4982782304286957]
[-0.9937393665313721, 0.1117229238152504]
[-0.2653852105140686, 0.9605896472930908]
[0.46011409163475037, 0.8878598213195801]
[0.9883061051368713, 0.15248267352581024]
[-0.7173215746879578, 0.6967421174049377]
[0.45824944972991943, 0.8888236284255981]
[0.6788544654846191, 0.734272837638855]
[-0.19052745401859283, 0.39822471141815186]
[-0.9992595314979553, 0.03847455605864525]
[-0.7174967527389526, 0.38942408561706543]
[0.505160927772522, 0.8630251884460449]
[-0.7116348147392273, 0.6946631073951721]
[-0.5858412981033325, -0.8104256987571716]
[0.3123757243156433, 0.018793556839227676]
[-0.8725633025169373, -0.48850101232528687]
[0.016792822629213333, -0.07228285074234009]
[0.6632147431373596, -0.187178835272789]
[-0.6346729397773743, 0.7727808952331543]
[-0.7071067690849304, 0.7071067690849304]
[-0.038052015006542206, -0.05839233472943306]
[-0.6202602982521057, -0.7057244777679443]
[0.9527871012687683, 0.30363908410072327]
[0.3210078477859497, -0.05238128453493118]
[0.7071067690849304, -0.7071067690849304]
[-0.8033523559570312, 0.5105035305023193]
[-0.2508355975151062, 0.9680296182632446]
[0.11528883129358292, 0.8884046673774719]
[0.4910973310470581, 0.8711046576499939]
[-0.6111382246017456, -0.7915238738059998]
[0.7071067690849304, -0.7071067690849304]
[0.31792283058166504, 0.30462154746055603]
[0.5573773384094238, -0.014280501753091812]
[-0.7140482664108276, -0.7000964283943176]
[-0.8714775443077087, 0.23163342475891113]
[0.9113733172416687, 0.4115806221961975]
[0.1728390008211136, -0.5336359143257141]
[-0.5589642524719238, -0.726481020450592]
[0.9760091304779053, 0.21772952377796173]
[-0.417604923248291, 0.7398406863212585]
[0.7853853106498718, -0.6190071702003479]
[-0.8621701002120972, -0.5066189169883728]
[-0.7071067690849304, -0.7071067690849304]
[0.409129798412323, 0.9124761819839478]
[-0.8879716396331787, -0.45989811420440674]
[-0.8050001263618469, 0.27722153067588806]
[0.7620505094528198, 0.6475175023078918]
[-0.7071067690849304, -0.7071067690849304]
[-0.11487268656492233, 0.9933801889419556]
[0.6610990762710571, -0.7502985596656799]
[0.0667867586016655, -0.04674350470304489]
[-0.9638946056365967, -0.26628395915031433]
[0.5940269827842712, 0.8044450879096985]
[-0.6220120191574097, -0.7830076217651367]
[0.7071067690849304, -0.7071067690849304]
[0.298235684633255, -0.16334447264671326]
[0.008230318315327168, -0.9999661445617676]
[-0.4505366384983063, -0.8927578926086426]
[0.6298355460166931, -0.14465229213237762]
[-0.8585541248321533, 0.5127229690551758]
[0.7071067690849304, 0.7071067690849304]
[0.6748365163803101, -0.4198959171772003]
[-0.7260397672653198, -0.6876527070999146]
[-0.15696720778942108, 0.9876037836074829]
[0.3092290163040161, 0.021301768720149994]
[-0.985522985458374, -0.16954228281974792]
[0.7071067690849304, 0.7071067690849304]
[-0.7482002377510071, 0.6634730100631714]
[-0.503213107585907, -0.5126305222511292]
[-0.39621803164482117, 0.9181564450263977]
[-0.13431215286254883, -0.9909390211105347]
[0.9067919254302979, -0.42157843708992004]
[0.5903084874153137, -0.8071776628494263]
[0.41086074709892273, 0.1188286766409874]
[-0.7847586274147034, -0.6198014616966248]
[-0.7071067690849304, 0.7071067690849304]
[0.6571179628372192, -0.7537877559661865]
[-0.5061143040657043, 0.5087313055992126]
[-0.3656608462333679, -0.3872043192386627]
[-0.726532518863678, -0.6871320009231567]
[-0.37174832820892334, -0.928333580493927]
[0.7071067690849304, -0.7071067690849304]
[0.08159714937210083, 0.29144537448883057]
[0.9895800948143005, -0.14398351311683655]
[-0.021799441426992416, -0.9997623562812805]
[0.7071067690849304, -0.7071067690849304]
[-0.13315339386463165, -0.9705195426940918]
[-0.7071067690849304, 0.7071067690849304]
[-0.7071067690849304, -0.7071067690849304]
[-0.958587646484375, -0.28479793667793274]
[-0.6899800300598145, -0.6475536227226257]
[-0.2655871510505676, -0.546704888343811]
[0.21531519293785095, 0.8355023860931396]
[-0.632362425327301, -0.7746727466583252]
[0.8721836805343628, -0.0958421602845192]
[0.8869339227676392, -0.461896151304245]
[-0.6433080434799194, 0.7656074166297913]
[0.28243786096572876, 0.95928555727005]
[-0.3488030731678009, -0.9371960163116455]
[-0.7414657473564148, -0.6709907054901123]
[-0.9086710810661316, -0.41751259565353394]
[-0.44471096992492676, -0.8956741094589233]
[-0.38998040556907654, 0.1402423083782196]
[-0.9075881838798523, -0.11966115236282349]
[-0.7493712306022644, -0.6621500849723816]
[-0.7071067690849304, -0.7071067690849304]
[0.8181110620498657, 0.5750603079795837]
[-0.934598445892334, -0.35570454597473145]
[0.131285160779953, -0.991344690322876]
[0.5430664420127869, 0.8396897315979004]
[-0.8355122208595276, 0.3605816662311554]
[0.7071067690849304, 0.7071067690849304]
[-0.5602040886878967, 0.8283547163009644]
[0.571541428565979, -0.34067651629447937]
[0.608230471611023, 0.7937604784965515]
[0.33876073360443115, -0.3026326894760132]
[0.3473992347717285, 0.16783952713012695]
[0.38421279191970825, 0.36204105615615845]
[0.1498357653617859, 0.9887109398841858]
[0.7837672233581543, -0.6210546493530273]
[-0.13592104613780975, -0.501928985118866]
[-0.7859623432159424, 0.618274450302124]
[-0.9167747497558594, -0.3994048237800598]
[0.4886985421180725, -0.6289870142936707]
[0.9517690539360046, -0.30681514739990234]
[-0.9420503377914429, 0.3354715406894684]
[0.7609912753105164, -0.18335174024105072]
[-0.8796206712722778, -0.44498786330223083]
[0.7071067690849304, -0.7071067690849304]
[0.7178594470024109, 0.6961879730224609]
[-0.8915607929229736, -0.45290109515190125]
[0.207466721534729, 0.40505459904670715]
[0.9206324815750122, 0.39043039083480835]
[-0.5209310054779053, 0.8535988330841064]
[-0.9987286925315857, 0.050407253205776215]
[-0.9021263718605042, -0.43147188425064087]
[0.9556279182434082, 0.2945765256881714]
[-0.3827844560146332, 0.9238377213478088]
[0.03218311816453934, -0.9994819760322571]
[0.6237180829048157, -0.4621621072292328]
[-0.36016252636909485, -0.8223026394844055]
[0.9586504101753235, -0.25238025188446045]
[-0.055881597101688385, 0.9984373450279236]
[-0.9281949400901794, 0.3720943033695221]
[-0.7029921412467957, 0.7111976742744446]
[-0.974132776260376, 0.22597606480121613]
[0.9325918555259705, -0.3609325587749481]
[-0.5961349010467529, -0.8028842806816101]
[-0.8047651648521423, 0.5935932993888855]
[0.7071067690849304, -0.7071067690849304]
[0.06176219880580902, 0.4260285496711731]
[0.7102876305580139, -0.7039116024971008]
[-0.7283550500869751, -0.6851998567581177]
[0.4762529134750366, 0.8793083429336548]
[-0.8796103596687317, 0.27527347207069397]
[0.7786841988563538, -0.6274160146713257]
[-0.7071067690849304, -0.7071067690849304]
[0.8035344481468201, 0.5952582359313965]
[-0.5283550024032593, -0.8490235209465027]
[0.9751713275909424, 0.22145183384418488]
[0.7071067690849304, -0.7071067690849304]
[-0.6397561430931091, 0.768578052520752]
[-0.9459009170532227, 0.32445552945137024]
[0.20024879276752472, 0.03801225125789642]
[-0.9693310260772705, -0.2457587867975235]
[-0.9841209053993225, 0.1774992048740387]
[0.6212269067764282, 0.05665547400712967]
[-0.03904181718826294, -0.4262681007385254]
[-0.7071067690849304, 0.7071067690849304]
[0.8769384026527405, -0.48060259222984314]
[0.6436501741409302, -0.76531982421875]
[-0.9173580408096313, -0.39806318283081055]
[-0.6320288181304932, 0.7749448418617249]
[-0.5604583621025085, -0.8281826376914978]
[0.42956283688545227, 0.9030370116233826]
[-0.6386551260948181, -0.714952290058136]
[-0.8590964078903198, 0.511813759803772]
[0.5856780409812927, 0.8105437755584717]
